<?xml version="1.0"?>
<opencv_storage>
<imageSize>
  640 480</imageSize>
<cameraMatrixL type_id="opencv-matrix">
  <rows>3</rows>
  <cols>3</cols>
  <dt>d</dt>
  <data>
    1.2040824306014238e+003 0. 3.1367550754281456e+002 0.
    1.1966349230809108e+003 2.2199912940114280e+002 0. 0. 1.</data></cameraMatrixL>
<cameraDistcoeffL type_id="opencv-matrix">
  <rows>1</rows>
  <cols>5</cols>
  <dt>d</dt>
  <data>
    -2.1051887424385768e-001 5.2589004993958266e+000
    -4.8904028365198303e-003 -2.6935510700922061e-003
    -2.8742605163677080e+001</data></cameraDistcoeffL>
<cameraMatrixR type_id="opencv-matrix">
  <rows>3</rows>
  <cols>3</cols>
  <dt>d</dt>
  <data>
    1.2036522688292364e+003 0. 2.9253827731290772e+002 0.
    1.1974102071526495e+003 2.8508118471887650e+002 0. 0. 1.</data></cameraMatrixR>
<cameraDistcoeffR type_id="opencv-matrix">
  <rows>1</rows>
  <cols>5</cols>
  <dt>d</dt>
  <data>
    -4.2439309030078753e-001 1.1230113935164523e+001
    -3.5094752843624730e-003 -1.1007936233714788e-002
    -8.5386694485317918e+001</data></cameraDistcoeffR>
<R type_id="opencv-matrix">
  <rows>3</rows>
  <cols>3</cols>
  <dt>d</dt>
  <data>
    9.9984085154294400e-001 1.5423354495869906e-003
    1.7773372984373759e-002 -6.4639381095483789e-004
    9.9873368741099744e-001 -5.0305107150995149e-002
    -1.7828453688468859e-002 5.0285612572513141e-002
    9.9857573744172512e-001</data></R>
<T type_id="opencv-matrix">
  <rows>3</rows>
  <cols>1</cols>
  <dt>d</dt>
  <data>
    -1.1913690873716124e+002 -1.4498294374780119e+000
    4.1666115376477171e+000</data></T>
<E type_id="opencv-matrix">
  <rows>3</rows>
  <cols>3</cols>
  <dt>d</dt>
  <data>
    2.8541488892844098e-002 -4.2342408663933542e+000
    -1.2381626598363860e+000 2.0419215678425289e+000
    5.9972987485229181e+000 1.1904128123967789e+002
    1.5266080598240352e+000 -1.1898380804647523e+002
    6.0189633190172476e+000</data></E>
<F type_id="opencv-matrix">
  <rows>3</rows>
  <cols>3</cols>
  <dt>d</dt>
  <data>
    -1.3763371505990251e-007 2.0545575626888563e-005
    2.6712983176062385e-003 -9.8979520878639824e-006
    -2.9252064353347701e-005 -6.8520179079299548e-001
    -5.9988957910456341e-003 6.9724379936375569e-001 1.</data></F>
<R1 type_id="opencv-matrix">
  <rows>3</rows>
  <cols>3</cols>
  <dt>d</dt>
  <data>
    9.9977128319374242e-001 1.1929534568798790e-002
    -1.7750141016614741e-002 -1.2373329783478085e-002
    9.9960821228683372e-001 -2.5106227091893352e-002
    1.7443681125472614e-002 2.5320113224317528e-002
    9.9952719315439365e-001</data></R1>
<R2 type_id="opencv-matrix">
  <rows>3</rows>
  <cols>3</cols>
  <dt>d</dt>
  <data>
    9.9931509060386225e-001 1.2161104824952619e-002
    -3.4949352223343860e-002 -1.1275851743960803e-002
    9.9961336531135248e-001 2.5416039391706724e-002
    3.5244926710706226e-002 -2.5004547993296843e-002
    9.9906584753999472e-001</data></R2>
<P1 type_id="opencv-matrix">
  <rows>3</rows>
  <cols>4</cols>
  <dt>d</dt>
  <data>
    1.1407020765199618e+003 0. 3.7482161569595337e+002 0. 0.
    1.1407020765199618e+003 2.1819659280776978e+002 0. 0. 0. 1. 0.</data></P1>
<P2 type_id="opencv-matrix">
  <rows>3</rows>
  <cols>4</cols>
  <dt>d</dt>
  <data>
    1.1407020765199618e+003 0. 3.7482161569595337e+002
    -1.3599286197562382e+005 0. 1.1407020765199618e+003
    2.1819659280776978e+002 0. 0. 0. 1. 0.</data></P2>
<Q type_id="opencv-matrix">
  <rows>4</rows>
  <cols>4</cols>
  <dt>d</dt>
  <data>
    1. 0. 0. -3.7482161569595337e+002 0. 1. 0. -2.1819659280776978e+002
    0. 0. 0. 1.1407020765199618e+003 0. 0. 8.3879555143447759e-003 0.</data></Q>
</opencv_storage>
